0,558
0,556
535,6
0,512
535,5
535,4
550,35
10,284
10,186
10,76
10,1
10,10
10,2
10,3
11,25
11,11
11,20
11,19
11,6
11,8
11,1
11,7
11,2
11,3
9,7
9,6
9,1
9,4
9,2
9,3
8,8
8,7
8,18
8,6
8,9
8,16
8,11
8,1
8,12
8,2
8,3
12,2
12,1
12,3
20,2
549,3
20,1
549,2
549,1
20,3
549,0
548,5
548,4
548,3
548,2
548,1
548,0
547,4
547,3
547,2
547,1
19,2
547,0
546,5
546,4
546,3
19,1
546,2
546,1
19,3
546,0
545,4
545,3
545,2
545,1
545,0
544,4
544,3
544,2
544,1
544,0
543,3
543,2
543,1
543,0
542,31
542,30
542,29
542,28
542,27
542,26
542,25
542,24
542,23
542,22
542,21
542,20
542,19
542,18
542,17
542,16
542,15
542,14
542,13
542,12
542,11
542,10
542,9
542,8
542,7
542,6
542,5
542,4
542,3
542,2
542,1
542,0
541,3
541,2
541,1
541,0
540,4
540,3
540,2
540,1
540,0
539,4
539,3
539,2
539,1
539,0
537,4
537,3
